-1.027806 -1.097070 1.283057 1
1.266602 -1.320458 -0.984962 0
-1.550531 1.001678 1.342911 1
0.180995 -0.311606 -0.113328 0
-1.308680 -0.710124 1.480477 1
1.299175 -1.391689 -1.001977 0
-0.248797 0.916293 0.046922 0
-1.434618 0.973659 1.232064 1
-1.373898 -0.993812 1.609650 1
-0.880500 -0.739326 1.054436 1
-0.865854 0.764659 0.704113 1
0.937147 -0.509017 -0.833166 0
1.478623 1.143084 -1.748746 0
1.423032 -1.767668 -1.043222 0
-0.944164 0.956185 0.740496 1
1.355630 -1.235335 -1.093891 0
-0.843035 -0.260122 0.909681 1
-0.151234 0.608401 0.017050 1
0.355541 0.149408 -0.392506 0
0.906455 0.776105 -1.088861 0
0.897436 -0.627172 -0.766691 0
-1.671828 -0.841280 1.876596 1
-1.232644 -0.275464 1.306694 1
0.659081 0.065259 -0.680375 0
0.639067 -0.885793 -0.447985 0
0.549116 -0.512166 -0.440467 0
0.670782 -0.194284 -0.634294 0
-1.279630 0.714513 1.133305 1
-0.958966 0.747178 0.802077 1
-1.253148 -1.287759 1.553243 1
0.814542 0.146420 -0.855531 0
0.372316 -0.387766 -0.289614 0
-0.631057 0.779048 0.463707 1
1.207940 -1.161261 -0.961216 0
0.887421 0.929846 -1.103932 0
-0.063130 1.524698 -0.276373 0
-0.980904 0.971480 0.774199 1
-1.122642 -0.188691 1.176211 0
0.426726 0.039062 -0.439801 0
-1.250028 0.990250 1.041886 1
0.335209 -0.550802 -0.215755 1
-0.768574 2.804083 0.150860 0
0.961649 -0.997115 -0.749027 0
1.579758 0.874168 -1.790922 0
-0.383755 0.758621 0.218434 0
0.009349 1.057305 -0.245321 0
1.217815 -0.543866 -1.108928 0
-1.130626 -1.151458 1.399061 1
0.087668 1.592710 -0.443885 0
0.207365 -0.293889 -0.143919 1
0.697110 -1.221493 -0.431728 0
1.598389 0.923566 -1.820764 0
0.206394 -0.643969 -0.064839 1
0.741360 0.014762 -0.752229 0
0.702745 -0.437732 -0.612273 0
-0.817557 -1.031250 1.055975 1
0.346172 0.132277 -0.379220 0
0.527297 -1.265477 -0.250368 0
-0.263448 -0.398886 0.355129 0
1.253477 0.430614 -1.362353 0
1.513268 0.526532 -1.646198 0
1.685873 -1.956282 -1.266670 0
1.354346 -1.318557 -1.074027 0
1.299173 -0.169383 -1.274662 0
-0.263787 0.263785 0.207635 0
-0.295670 0.695363 0.143561 1
-2.293974 1.117477 2.068116 1
-0.644257 2.094094 0.183666 0
1.111258 -0.697492 -0.967009 0
0.899455 -0.504488 -0.796100 0
0.204684 1.234197 -0.482116 0
1.213903 0.079877 -1.244129 0
-0.059953 0.616547 -0.076981 1
-0.073431 1.704409 -0.306058 0
0.745656 -0.154476 -0.718813 1
-0.809330 0.622092 0.678817 0
-1.084806 0.876471 0.900358 1
0.772227 -0.823717 -0.596354 0
0.076662 0.309513 -0.146495 1
0.963981 0.165105 -1.010666 1
-0.694735 0.728581 0.539294 1
-1.581979 -0.788446 1.774042 1
0.887518 -0.580286 -0.767130 0
1.250876 -1.137969 -1.009787 0
0.388590 -0.180338 -0.352329 0
-1.362349 0.897819 1.175975 1
1.680038 2.452585 -2.244359 0
-0.928412 -1.520459 1.277102 1
-1.555266 -1.035104 1.802083 1
0.489777 -0.368738 -0.412520 0
-0.713710 0.032205 0.713819 1
1.292863 -1.382981 -0.997543 0
-1.389145 0.916052 1.198977 1
0.039527 0.994108 -0.261708 0
-0.621516 0.665984 0.479292 1
1.312433 -1.350162 -1.024635 0
0.583881 -0.681509 -0.437809 0
1.037182 -0.398646 -0.958847 0
1.168392 -1.655952 -0.810902 0
-0.784079 -0.869577 0.986088 1
1.094335 0.374226 -1.189005 0
-0.603258 -0.784137 0.784358 1
-0.847044 -0.371080 0.938486 1
-2.091155 1.320124 1.818016 1
-0.488946 -0.239210 0.547309 1
-1.030189 -1.330064 1.337443 1
-1.195709 -0.913757 1.411780 1
1.678576 0.412117 -1.787670 0
-0.308590 0.597608 0.178422 1
-0.379443 0.756288 0.214599 1
0.818551 -0.119375 -0.800285 0
1.223635 -0.789649 -1.059975 0
0.179630 -0.290477 -0.116662 1
-0.222031 -0.273891 0.285402 1
-0.018474 0.636944 -0.123434 0
1.080038 -0.241618 -1.037172 0
0.000864 0.477795 -0.107465 1
0.676249 -0.727782 -0.520797 0
-0.634635 -1.785873 1.039535 1
0.503077 0.447374 -0.608024 0
0.137378 -0.541510 -0.017976 1
-0.807562 -1.284228 1.102316 1
-1.933353 1.214966 1.682061 1
-0.897274 0.849718 0.716878 1
0.863894 -0.874839 -0.677552 0
0.597373 -0.439124 -0.505513 0
-0.174848 -0.807488 0.356779 1
0.305870 0.412352 -0.400988 0
1.838560 -1.742460 -1.468619 0
1.231241 -1.050969 -1.009360 0
1.744129 1.449633 -2.085354 0
1.091788 -0.510277 -0.989107 0
-1.011716 0.841995 0.834213 1
0.443482 1.404071 -0.761251 0
-0.345774 -0.532213 0.468041 1
-0.960447 0.783468 0.795476 1
-0.022805 0.472606 -0.082396 0
-1.316779 0.904472 1.128455 1
1.880569 -1.389709 -1.589755 0
0.368886 0.327677 -0.445758 1
1.102095 -1.372407 -0.807185 0
0.008601 0.659305 -0.155775 0
-1.792061 1.125045 1.559386 1
1.172737 -1.292910 -0.896284 0
0.132583 0.286249 -0.197798 0
0.780167 -0.603755 -0.653447 0
-0.871283 1.331049 0.583240 0
0.862416 -0.754760 -0.702848 0
0.941334 -0.374445 -0.867419 0
1.208649 -1.877559 -0.802132 0
1.606505 2.525542 -2.186351 0
1.981074 0.122310 -2.028606 0
1.282550 -1.709327 -0.914320 0
1.026307 -1.533607 -0.694660 0
0.563834 0.074151 -0.586138 0
0.945429 -1.189513 -0.689720 0
0.029242 0.620564 -0.167983 1
-1.585059 1.122275 1.350887 1
0.673659 -1.043486 -0.447750 0
1.036879 -0.244542 -0.992920 0
0.856129 2.310408 -1.380312 0
0.992897 -0.346602 -0.925720 0
-1.020932 0.790733 0.854959 1
0.430143 0.647900 -0.579081 1
1.098632 -1.423705 -0.792242 0
0.967504 -0.480049 -0.870296 0
-1.050125 0.674421 0.910399 1
1.430437 -0.574758 -1.316831 0
0.494046 -0.381625 -0.413958 0
1.559635 -0.757634 -1.406552 0
-0.427502 -0.700328 0.588108 1
-1.832080 1.053996 1.615665 1
-0.302036 0.687904 0.151656 1
1.172708 -1.214587 -0.913728 0
0.952331 -1.227504 -0.688217 0
-0.690922 0.675894 0.547197 1
-1.098608 0.707168 0.952071 1
-0.542517 0.539436 0.427717 1
-0.661611 1.020109 0.440794 0
-0.361527 0.525596 0.247966 1
-0.953530 0.778451 0.789609 1
-0.570774 0.391457 0.489276 0
1.170469 -0.455376 -1.080840 0
0.542487 0.887558 -0.746038 1
-0.668408 0.799047 0.496978 1
0.813981 1.407180 -1.136230 0
-0.317456 0.491589 0.211031 1
0.538393 -0.447431 -0.444077 0
1.144772 0.412192 -1.248428 0
-1.405208 0.875010 1.224360 1
1.415402 0.973941 -1.647145 0
-1.645489 -1.566121 2.011694 1
-1.082965 -0.836134 1.280567 1
1.294675 0.176920 -1.347375 0
-1.155702 1.016442 0.940753 1
-0.327047 0.634217 0.188900 1
0.913529 0.168986 -0.960564 0
-0.815148 -1.149076 1.079829 1
-0.931204 0.613434 0.803868 1
1.545569 1.729559 -1.947214 0
-0.320425 -0.705336 0.481054 1
-0.780233 -0.745101 0.954432 1
-0.598807 -0.330387 0.678633 1
-1.131039 0.969787 0.926245 1
0.574124 0.783281 -0.754735 0
1.064740 -1.201959 -0.807473 0
0.841751 -0.253800 -0.793733 0
0.518286 -0.995700 -0.301450 0
0.677379 -0.148064 -0.651269 0
1.190097 -0.038915 -1.193577 0
0.099790 0.538105 -0.220856 0
0.796052 -0.284136 -0.740799 0
-0.529944 -0.601841 0.669626 1
0.071319 -0.531295 0.046480 1
-2.048014 1.186375 1.804273 1
-1.199274 -1.457641 1.536718 1
1.507982 -1.319005 -1.229133 0
-0.732386 -1.690649 1.117041 1
-0.753308 0.607606 0.625454 1
-0.919230 -1.286709 1.215679 1
-0.613607 -0.911559 0.823239 1
-0.542567 0.141889 0.516457 1
0.516411 -0.070790 -0.505896 0
1.329855 0.033273 -1.350868 0
-0.518239 -1.434979 0.843668 1
1.217964 1.124888 -1.481364 0
-1.449125 -1.774628 1.859839 1
1.353376 -0.826078 -1.182915 0
1.362488 1.168058 -1.636996 0
0.456381 -1.097595 -0.216181 0
0.318164 0.003758 -0.322254 0
0.825026 2.700784 -1.435981 0
-0.997825 -1.487580 1.339889 1
1.631817 -1.534187 -1.306228 0
0.542466 0.065480 -0.562618 0
-1.514109 0.805007 1.349991 1
0.166815 1.666263 -0.540250 0
-1.211621 1.010289 0.998615 1
-0.203429 -0.595253 0.338304 1
-0.871544 -1.009774 1.105723 1
0.437273 0.123757 -0.469351 0
-0.194862 -0.426038 0.291899 1
-1.286095 -0.399121 1.388279 0
-0.957935 -1.209556 1.237567 1
0.478147 -0.696066 -0.327746 0
-0.329102 0.686537 0.179304 1
-1.432324 0.903385 1.245424 1
0.000135 -0.262600 0.058447 1
-0.170891 -1.941675 0.605810 1
-0.514065 -0.216240 0.567560 0
-0.091634 -0.730153 0.255461 1
0.427069 0.416032 -0.524247 1
1.089139 -0.394569 -1.012245 0
2.435778 0.317625 -2.531529 0
1.140490 1.281247 -1.437982 0
1.113113 1.454425 -1.448959 0
0.199277 0.512769 -0.315708 1
-1.082667 -1.043892 1.326615 1
0.898618 0.193684 -0.951010 0
-1.324968 0.772838 1.166094 1
1.516284 -1.242637 -1.254557 0
-1.805042 0.933817 1.615161 1
-0.764413 0.753629 0.604096 1
-0.803623 -0.371245 0.894658 1
-0.926399 0.916251 0.731458 1
-0.637848 0.585793 0.513680 1
-0.189430 -0.872686 0.386056 1
0.191856 0.375605 -0.277611 1
1.004384 0.909867 -1.217632 0
-2.104944 1.072421 1.887207 1
-1.034906 -1.003900 1.269444 1
-0.505610 -0.663582 0.658817 1
0.831918 -0.428657 -0.744789 0
-1.331160 1.013052 1.118759 1
1.000558 1.374622 -1.317450 0
-0.694479 0.689992 0.547644 0
-0.757725 -0.225915 0.815868 1
0.609052 -0.003642 -0.614464 0
-1.166293 -1.220136 1.450414 1
-1.932912 -1.701241 2.332198 1
0.469258 0.296121 -0.540116 1
0.871459 -0.257408 -0.822939 0
-1.206659 0.878194 1.023072 1
-0.860837 0.694679 0.714657 1
-1.157246 -1.176686 1.431581 1
0.875913 -0.610520 -0.748662 0
0.719870 0.048962 -0.738149 0
0.334394 0.333390 -0.412188 1
1.430297 -0.391439 -1.357587 0
-2.164415 -0.955799 2.399766 1
-1.065068 0.954252 0.863066 1
1.008919 -0.926323 -0.812574 0
0.901727 -0.769465 -0.739280 0
1.201317 1.016133 -1.440285 1
-0.820744 0.644184 0.685420 1
-0.644699 0.732840 0.487796 1
0.741666 -0.270862 -0.688818 0
-0.311724 2.360660 -0.211735 0
-0.020909 2.216853 -0.473440 0
0.771237 -0.698734 -0.623237 0
-0.858718 -0.282607 0.930541 1
1.337466 0.539825 -1.471565 0
0.773586 -0.486906 -0.672866 0
0.952175 -1.067074 -0.723850 0
-1.485700 0.760080 1.331315 1
0.393572 0.156082 -0.432414 0
-1.294657 0.988372 1.087390 1
0.695366 0.512351 -0.816774 0
-1.489315 0.951530 1.292257 1
1.259040 -1.282586 -0.985772 0
1.103034 2.034885 -1.568273 0
-1.177224 -1.362049 1.493117 1
0.895017 -0.517427 -0.788730 0
-2.217454 1.184055 1.975961 1
1.021396 0.361169 -1.112408 0
1.315921 0.163554 -1.365856 0
-0.396674 0.554549 0.277012 1
0.946599 -0.422325 -0.862055 0
-0.134382 1.040287 -0.096324 0
1.630740 -0.640045 -1.504616 0
1.042955 -1.330257 -0.756844 0
-0.115714 -0.080394 0.134832 1
0.370943 2.004657 -0.821957 0
0.486801 0.272045 -0.552467 1
-1.011358 0.802650 0.842629 1
-0.607832 0.767265 0.442873 1
-0.872062 -0.835993 1.067478 1
-0.565372 0.631149 0.430345 1
1.131297 -0.541298 -1.022099 0
0.856754 -0.889950 -0.666969 0
-0.923403 -1.119348 1.182557 1
-1.758956 -1.485705 2.108381 1
-1.003466 0.825708 0.829512 1
0.534815 -0.573685 -0.412295 1
0.366115 0.049372 -0.380871 0
1.383711 -1.426898 -1.079522 0
-0.617373 0.748289 0.456745 1
2.343286 1.357888 -2.670167 0
0.789876 -0.444077 -0.698878 0
0.828901 0.003350 -0.838119 0
-1.149123 0.920136 0.955592 1
-0.854911 -1.140299 1.118040 1
-0.334638 0.651265 0.192766 1
-1.740850 -1.307933 2.050430 1
0.108540 -0.555548 0.014289 1
-0.325229 0.386168 0.242402 1
-0.138565 0.385160 0.054055 1
-2.383185 1.223608 2.134563 1
0.641805 -0.323384 -0.576220 0
-0.584899 0.148320 0.557787 0
-0.435079 0.486354 0.331024 0
-0.729634 0.725612 0.575212 1
-1.065412 -0.925508 1.282773 1
-0.713783 -0.252960 0.777511 1
-1.319472 0.990222 1.112046 1
-0.373347 0.637719 0.234892 1
-0.433034 -0.541646 0.558297 1
-1.597918 -1.717342 1.997373 1
-1.200834 0.981549 0.994130 1
1.071097 1.255618 -1.362161 0
-0.837099 -0.942159 1.055842 1
-0.331875 -0.179772 0.375372 1
0.701040 -0.556950 -0.583953 0
-0.524436 0.740490 0.364598 1
1.037008 -1.017245 -0.820666 0
0.690393 -0.365055 -0.616007 0
-0.178158 0.948009 -0.031515 0
0.804580 -0.501452 -0.700932 0
1.382000 -0.646535 -1.251887 0
-1.412363 0.893609 1.227440 1
-0.700669 -1.355291 1.010184 1
-1.048761 0.696830 0.904021 1
-0.368738 0.155520 0.337811 0
-0.349285 0.973217 0.135737 1
-1.225170 0.934151 1.029289 1
-1.344819 0.737813 1.193962 1
0.641681 -0.082936 -0.629737 0
0.598827 2.508794 -1.164639 0
1.417799 0.457631 -1.534382 0
0.514205 -0.296327 -0.453351 0
0.856207 -0.865073 -0.671966 0
-0.170468 0.801568 -0.006614 0
-0.707575 0.531792 0.596167 1
0.921068 -0.781046 -0.756236 0
-1.951722 1.035246 1.740713 1
1.963588 -0.851919 -1.793599 0
-0.615562 -0.641522 0.764972 1
1.420588 -1.180121 -1.171830 0
1.434071 -1.676450 -1.074724 0
-1.003622 -1.003385 1.237726 1
-1.245382 0.891361 1.059254 1
-0.478005 0.633813 0.341491 1
-0.514532 0.698564 0.363946 1
0.929768 -0.467002 -0.835086 0
0.141405 -0.058448 -0.129810 1
-0.138297 2.395855 -0.394786 0
-1.330759 0.905567 1.142333 1
0.900819 0.809795 -1.090684 0
-0.997007 -0.699587 1.163268 1
0.022091 0.501553 -0.134209 1
1.090462 -0.620458 -0.963186 0
-0.490513 -0.851654 0.685523 1
-0.294354 0.145976 0.264796 1
0.005990 0.398785 -0.095017 1
-0.357562 -0.018316 0.365302 1
0.990123 0.231129 -1.051804 1
1.343816 1.598464 -1.714154 0
-0.117241 3.100315 -0.573217 0
0.377192 2.163981 -0.863814 0
-0.555181 0.378490 0.476417 1
-1.588157 0.966258 1.388822 1
-0.494252 -0.314630 0.569494 0
-0.412943 0.822449 0.233681 1
1.456684 -1.035418 -1.240577 0
-0.343821 0.501019 0.235561 1
-0.362929 -0.877473 0.562395 1
1.243762 0.335569 -1.331335 0
-0.327705 0.498404 0.219864 1
1.419514 -1.476818 -1.104555 0
0.518202 0.680663 -0.675348 0
0.968636 -1.338261 -0.679980 0
1.409886 -1.623158 -1.062181 0
-1.332121 0.939271 1.136190 1
1.998355 -1.745984 -1.629262 0
-0.457414 -1.467441 0.789463 1
1.462125 -0.046936 -1.466596 0
-0.703280 0.823588 0.526732 1
-0.696590 0.659996 0.556469 1
0.801812 2.385238 -1.342134 0
0.910257 -0.271774 -0.858929 0
0.032355 -0.369629 0.049775 1
0.359379 1.417402 -0.679263 0
1.125485 -0.769193 -0.965386 0
0.201718 -0.721836 -0.042744 1
-0.167924 -0.602813 0.304123 1
0.780880 -0.116101 -0.762959 0
-1.079106 0.810076 0.909412 1
0.250036 0.454181 -0.353915 1
-1.873654 0.951290 1.680576 1
-0.206474 0.573909 0.080550 1
0.704905 -0.478599 -0.605337 0
0.548025 -0.135346 -0.523431 0
-1.135614 -1.058780 1.383424 1
-0.487001 -0.422905 0.586325 1
-0.808548 -1.304419 1.107816 1
-0.146178 0.413012 0.055532 1
-1.799748 -1.466873 2.145388 1
-1.146393 0.796772 0.980355 1
1.435452 -0.948330 -1.238557 0
0.338602 -0.170876 -0.303942 0
-0.532335 -0.658985 0.684790 1
0.348084 0.938819 -0.561084 0
1.752014 -1.610640 -1.410598 0
0.412822 1.185117 -0.681431 0
0.918514 -0.831114 -0.742486 0
-0.587256 0.574078 0.465185 1
0.555342 0.025030 -0.566601 0
-1.036965 0.885599 0.849992 1
-0.751533 0.716893 0.599280 1
-0.510723 0.508099 0.402589 1
-1.514506 -1.535744 1.872596 1
1.220578 -1.187158 -0.968206 0
1.358382 1.975383 -1.812956 0
1.691056 -1.558254 -1.360703 0
1.092871 -0.772548 -0.931690 0
1.115596 -0.330937 -1.053168 0
0.202610 -0.002101 -0.204212 0
-0.047535 1.414668 -0.267580 0
0.027190 -0.299206 0.039283 1
-0.067276 1.910601 -0.358276 0
-0.641089 0.810665 0.466787 1
-0.052899 2.227711 -0.443545 0
-0.396310 -0.991466 0.621549 1
-1.452990 0.829068 1.282880 1
-0.431101 -0.780005 0.609519 1
0.132849 0.791702 -0.310830 0
-1.775409 1.009802 1.568274 1
0.907596 -1.113528 -0.668452 0
0.833955 -1.186204 -0.577845 0
1.037400 -1.351478 -0.746498 0
1.796557 0.087666 -1.834474 0
-0.611470 -0.534089 0.736870 1
-1.304867 -1.163179 1.577698 1
0.594544 -0.589407 -0.469128 1
-1.351941 0.801770 1.186889 1
-0.394289 2.373940 -0.131289 0
2.177094 0.559906 -2.324254 0
1.327348 -1.175375 -1.078695 0
-0.648096 0.624607 0.515374 1
0.419530 0.172906 -0.462391 0
0.813556 -0.324501 -0.749477 0
-0.009093 -0.474077 0.114948 1
1.198632 -0.615281 -1.073616 0
-0.522703 0.651431 0.382716 1
-0.678105 -0.999230 0.907955 1
-0.038406 0.554307 -0.084863 1
-2.197446 -1.937043 2.652042 1
0.774362 0.195285 -0.825842 0
1.073875 0.761392 -1.254710 0
0.056086 -0.354508 0.022429 1
-1.076598 0.664710 0.939309 1
1.363124 -1.444696 -1.054754 0
-2.153104 1.166341 1.914906 1
1.340906 -0.868580 -1.160836 0
0.869932 1.485345 -1.210191 0
-1.067467 0.753254 0.910331 1
1.263657 -1.419549 -0.959880 0
0.623049 -0.509278 -0.515801 1
-0.401069 -0.236569 0.457944 1
0.840237 -0.606408 -0.713539 0
0.255770 2.242300 -0.758623 0
1.148431 1.410036 -1.474736 0
0.018606 0.509008 -0.132352 1
-1.058018 0.982629 0.849614 1
0.508801 -1.087556 -0.271375 0
0.868982 2.020993 -1.328730 0
0.916938 -0.419287 -0.832769 0
0.133363 -0.503668 -0.022361 1
-0.682658 2.504475 0.130906 0
-0.773456 -0.339856 0.857180 1
0.523401 -0.399061 -0.439723 0
-1.168355 0.793296 1.003317 1
1.118493 0.712350 -1.288842 0
0.839105 -0.303027 -0.780078 0
-1.042099 -1.478623 1.382617 1
-0.692624 0.700020 0.543533 1
-0.619208 0.734065 0.461772 1
-0.777906 0.639220 0.643250 1
-0.014421 0.220798 -0.034690 0
0.596634 -0.362401 -0.521883 0
-0.035858 -0.406763 0.126970 1
0.881466 -1.043048 -0.657778 0
-0.569650 -0.742950 0.741218 1
-0.178728 0.082503 0.162149 1
0.298519 -1.391340 0.008827 0
-0.896591 -0.298436 0.972332 1
-0.975113 0.724409 0.823468 1
-0.815332 0.866861 0.630274 1
0.392304 1.636018 -0.761296 0
0.260152 -0.795949 -0.085241 0
0.199044 -0.200870 -0.156265 0
0.609028 2.533126 -1.180372 0
-1.154990 -1.239394 1.443292 1
1.037541 -0.860429 -0.856189 0
1.024658 1.099193 -1.280350 1
-0.336690 -0.256674 0.397393 1
-1.488237 -1.083953 1.745267 1
-1.038843 -0.618299 1.187397 0
-0.315533 -0.107139 0.342660 0
0.997484 -0.579530 -0.878389 0
1.799957 -2.058805 -1.359049 0
-0.176288 -0.985323 0.397907 1
-0.807391 -1.352918 1.117467 1
-0.644335 0.622024 0.512151 1
-0.938829 -0.660240 1.095717 1
-1.075307 0.864347 0.893467 1
0.940680 -1.518043 -0.611630 0
0.956457 -0.813479 -0.784750 0
-0.492337 -0.809294 0.677916 1
0.358681 0.375847 -0.446195 0
-0.207251 -0.708304 0.367386 1
0.214911 0.153067 -0.251255 0
0.660262 -0.927615 -0.460066 0
0.988704 -0.856780 -0.807667 0
-1.817878 -1.399789 2.148737 1
-1.908257 1.023727 1.699372 1
-0.837742 -1.203681 1.114835 1
0.669218 -0.908827 -0.473305 0
-0.810912 1.820763 0.413001 0
-0.021642 1.048714 -0.212096 0
1.166413 -0.976797 -0.960418 0
-1.783966 1.163383 1.542656 1
1.353036 -1.379856 -1.059028 0
-0.311035 -1.102903 0.560262 1
0.922776 -0.611688 -0.795743 0
-0.503522 -0.782813 0.683308 1
0.809963 -0.800569 -0.639640 0
-0.082778 0.567401 -0.042959 1
1.301247 2.670336 -1.910275 0
0.556457 -0.180800 -0.521809 0
0.740553 -0.780999 -0.573886 0
0.420344 -0.382094 -0.339397 0
-0.040019 -0.697509 0.196037 1
-0.944767 -1.554882 1.301303 1
0.203793 1.448835 -0.529099 0
-0.394058 -0.320938 0.469684 1
0.898780 -0.657072 -0.761378 0
-0.280153 0.542397 0.162012 1
-1.178045 -1.055625 1.425585 1
-1.244727 -1.148209 1.513604 1
-1.047436 0.674999 0.907553 1
0.351733 -0.559096 -0.230598 0
-1.288876 0.837552 1.115196 1
-1.342725 1.079847 1.115542 1
0.437050 0.886332 -0.639250 1
-0.456096 0.615274 0.323495 1
-0.900346 -0.645241 1.053495 1
-1.043920 -1.615440 1.414981 1
-0.412354 -0.359259 0.496716 1
0.278959 1.253511 -0.561459 0
-0.657488 0.798825 0.485995 1
-0.630968 0.453085 0.536337 0
-0.606010 -0.870094 0.806314 1
-0.904917 -1.093638 1.158146 1
0.047029 1.462093 -0.373690 0
0.436942 -0.313400 -0.371490 0
-0.793694 -0.679906 0.953487 1
1.044029 -1.073352 -0.815242 0
1.292727 -1.640479 -0.939960 0
0.749042 -0.747828 -0.589862 0
0.411351 0.377112 -0.499686 0
0.609494 -0.522511 -0.499155 0
0.296147 -0.618829 -0.161118 0
-0.755397 -1.857777 1.177572 1
0.826323 -0.339542 -0.759019 0
-0.711149 0.550187 0.595674 1
0.797168 -0.541082 -0.684603 0
0.304221 -0.398515 -0.218424 0
0.477740 -0.284448 -0.419164 1
1.085569 -0.304073 -1.028827 0
1.069460 -0.686262 -0.927289 0
1.406806 -1.809678 -1.017458 0
0.892041 -0.702973 -0.744329 0
1.872474 0.218223 -1.940293 0
0.177238 0.131225 -0.208324 0
-1.388056 0.644469 1.258466 1
-1.220588 0.810157 1.052322 1
0.667884 0.083220 -0.693275 0
-0.961566 0.801089 0.792676 1
-1.399561 1.084519 1.171916 1
0.553451 0.191831 -0.601903 1
-1.069151 1.021591 0.852169 1
1.121700 -0.957599 -0.919531 0
-0.992785 -0.731121 1.166038 1
-1.226707 1.010965 1.013705 1
-1.617744 1.044125 1.401340 1
0.205563 -0.103280 -0.184623 0
0.733172 -0.572199 -0.613012 0
-0.468077 -0.020483 0.477430 1
0.739061 1.061111 -0.983339 0
-0.677324 0.675523 0.533542 1
1.255349 -1.284844 -0.981539 0
0.082979 2.530140 -0.648282 0
0.596101 -0.642716 -0.458808 1
-0.131695 0.600729 -0.000977 1
0.770724 -0.282607 -0.715552 0
-1.610660 -0.903631 1.828713 1
1.440113 -1.390854 -1.144542 0
-0.078482 0.403549 -0.010745 1
0.972384 -0.478298 -0.875617 0
0.826064 -1.068267 -0.596184 0
-0.407379 0.007725 0.409819 0
-0.454334 1.507530 0.122659 0
-1.568628 1.045717 1.351367 1
0.893019 0.135445 -0.932362 0
-1.071999 -0.816073 1.265013 1
0.273382 -0.809345 -0.095618 1
1.006123 -1.103798 -0.770156 0
-0.442352 -0.271475 0.507436 1
0.673585 0.926280 -0.887114 0
0.150459 0.362456 -0.232858 1
-1.404063 0.899892 1.217653 1
-1.320364 -1.348219 1.634634 1
0.831650 -0.608926 -0.704302 0
-0.410428 1.290430 0.126738 0
0.965568 1.292342 -1.263747 0
0.701449 -0.691963 -0.554246 0
-0.939895 0.830512 0.764219 1
0.727378 -0.301683 -0.667508 0
0.723531 0.248101 -0.786274 1
1.415251 -0.809543 -1.249111 0
-1.209850 0.968724 1.006099 1
-0.360338 -0.579835 0.493377 1
1.411214 -1.278589 -1.140393 0
-1.227236 1.100020 0.994372 1
-0.948899 1.044180 0.725648 1
1.120586 -0.509261 -1.018425 0
-0.340766 0.516543 0.229012 1
1.464689 -1.407973 -1.165549 0
-0.301954 -0.230180 0.356391 1
-0.407767 0.669043 0.262676 1
0.416620 0.694552 -0.575827 0
-1.578416 -1.214150 1.865413 1
-0.534144 3.128807 -0.158410 0
-0.648587 -0.531937 0.773886 1
0.651752 -0.625777 -0.518806 0
-0.989665 -1.128738 1.251591 1
-0.594983 -1.694946 0.979192 1
-0.092415 0.512289 -0.020928 1
-0.167263 -0.151651 0.202804 1
0.699033 0.038148 -0.714687 0
-0.464354 0.633459 0.327780 0
1.085146 1.266351 -1.378748 0
0.538999 -0.340442 -0.468557 0
-0.464726 0.580302 0.340015 0
-0.754155 0.818961 0.579158 0
-0.208175 -0.021180 0.215027 0
0.501849 2.776569 -1.126408 0
-0.282088 -0.366302 0.366690 1
2.159682 0.780949 -2.355977 0
0.765686 1.274550 -1.057853 0
1.413058 1.727800 -1.812957 0
0.222122 1.478721 -0.554283 0
-1.712191 1.091257 1.486238 1
0.887090 -0.336466 -0.821093 0
-0.854673 -1.519359 1.202364 1
1.017426 -0.737664 -0.863257 0
1.135007 0.965078 -1.361907 0
-0.361626 0.642671 0.221947 0
-0.365242 0.236262 0.316267 0
0.442251 -0.598083 -0.313343 0
-1.976033 1.272279 1.712392 1
-1.031616 0.782882 0.867504 1
0.552043 0.587777 -0.688813 0
-1.848599 1.047183 1.633872 1
-0.557606 -0.812820 0.744638 1
0.996119 -0.102530 -0.983425 0
-1.361938 -1.369108 1.681294 1
-0.225867 0.528506 0.110270 1
1.465162 -1.014318 -1.253849 0
-1.404010 -2.015355 1.867968 1
-1.203986 0.772822 1.043879 1
1.509656 -1.553206 -1.178575 0
0.586904 -1.087216 -0.350353 0
1.754817 2.311286 -2.288379 0
-0.003681 -1.010295 0.229108 1
-0.533273 0.798664 0.360547 0
0.911736 1.402728 -1.233991 0
-0.380296 0.659792 0.236988 1
-0.107204 0.291743 0.043214 0
-0.059911 0.441288 -0.037925 1
-0.103751 0.357662 0.025019 1
1.413401 1.444373 -1.750074 0
0.466683 -0.265958 -0.412119 1
-0.800069 0.547567 0.686088 1
0.990234 1.667812 -1.372429 0
-1.109219 0.905871 0.918462 1
-1.526854 -1.023363 1.770762 1
-0.590798 -0.845261 0.785407 1
-1.286349 0.894257 1.099993 1
1.922743 0.596592 -2.075487 0
-0.880331 -1.027740 1.118608 1
1.241252 -1.635482 -0.889074 0
-1.241534 0.839558 1.066923 1
0.244981 0.974197 -0.464820 0
1.944777 0.275857 -2.026193 0
-1.899433 0.981869 1.699797 1
-0.122490 0.274317 0.062544 1
-1.724001 -1.839469 2.151991 1
-1.713735 -1.699962 2.110497 1
-0.009627 0.484991 -0.098472 1
-1.141669 0.696313 0.997995 1
0.369129 -0.106855 -0.349063 0
-1.338361 -1.854758 1.765820 1
-1.054458 0.862586 0.872798 1
-0.760265 -0.117639 0.794279 1
-0.990113 1.489669 0.667898 0
-0.685922 0.664057 0.544786 1
1.325362 -0.836363 -1.152320 0
-0.419173 1.673420 0.050130 0
0.689579 -0.760786 -0.526901 0
1.000433 -0.667456 -0.861753 0
-0.883408 -0.236763 0.945255 1
0.398418 -0.297422 -0.336137 1
2.004150 2.089207 -2.490716 0
-0.507290 0.957462 0.298872 0
-0.948869 0.868633 0.764781 1
-1.552294 0.966342 1.352574 0
-0.669007 0.670487 0.526263 1
-0.927733 0.870660 0.742976 1
1.430572 -0.259660 -1.387263 0
1.037540 -1.094149 -0.804047 0
-2.741980 1.395693 2.458633 1
-1.268661 0.973766 1.064386 1
0.037315 -1.264201 0.244337 0
-0.746653 0.813344 0.572833 1
0.500828 -0.405758 -0.415425 0
-0.337307 0.421633 0.246691 0
0.243444 -0.459602 -0.143398 0
1.211297 -0.405518 -1.133208 0
0.960341 -0.777632 -0.796671 0
-1.470573 0.929311 1.278279 1
1.668244 -2.098275 -1.217184 0
-1.323676 -1.634568 1.701862 1
-0.811272 0.652102 0.674084 1
0.919413 -0.797595 -0.750871 0
0.024698 2.092397 -0.491748 0
-1.017153 0.620630 0.889090 1
-0.649002 0.725651 0.493748 1
-0.520244 -0.279654 0.587949 1
0.236024 1.495829 -0.572144 0
0.017688 -0.772333 0.154433 1
-1.224674 -1.550865 1.583175 1
-0.210010 -0.395189 0.300320 1
1.013388 -1.358861 -0.720593 0
1.027074 -0.711136 -0.878922 0
-0.503871 -1.258620 0.789808 1
-0.372568 -1.446895 0.699166 1
-0.024818 1.410406 -0.289578 0
-0.238047 0.554879 0.116691 1
0.389435 -1.225600 -0.119993 0
0.588380 0.172013 -0.632767 1
-1.185473 0.715640 1.037935 1
0.917827 -0.742419 -0.761579 0
-0.582470 -0.225192 0.638661 1
0.401717 2.208816 -0.898592 0
-0.287030 -0.457960 0.392131 1
-1.670462 -1.265846 1.969933 1
1.052954 -1.348371 -0.762904 0
-1.546288 1.000079 1.338980 1
-0.654263 -0.727739 0.823302 1
-0.825123 -0.595220 0.966344 1
-0.764045 0.827862 0.587164 1
0.467242 0.070900 -0.487834 0
0.995267 -0.938285 -0.796114 0
1.712920 -1.187460 -1.465512 0
-0.801410 0.846618 0.620726 1
0.196683 -0.613119 -0.061911 0
-0.192634 0.898642 -0.005877 0
-0.017065 0.441280 -0.081206 1
0.684540 -0.759582 -0.522078 0
0.955147 0.777937 -1.138460 0
1.238093 -1.432008 -0.931276 0
-0.779682 -0.543855 0.908980 1
0.648474 -0.422030 -0.560950 0
0.940687 -0.604543 -0.815431 0
0.925759 -0.509334 -0.821591 0
-0.648803 0.757899 0.486352 1
-0.969257 -1.164609 1.238978 1
1.128617 -0.479715 -1.033130 0
0.420996 -0.035474 -0.417384 0
0.158715 0.443810 -0.259348 1
-0.703933 0.766127 0.540210 1
-1.280496 1.077998 1.053089 1
0.894742 0.684362 -1.056562 0
-0.129616 1.908540 -0.294840 0
-0.483332 0.820255 0.305279 1
1.096179 2.933839 -1.761897 0
-0.378475 -0.193976 0.425617 1
1.302939 -2.091719 -0.849609 0
-1.166561 -0.438790 1.276373 1
0.940218 -0.933727 -0.741519 0
-0.947580 0.910165 0.754213 1
0.792465 -1.098180 -0.555568 0
-1.282047 0.847433 1.106093 1
-0.821449 -1.040210 1.061906 1
-1.552666 0.859792 1.376720 1
-1.563650 -0.621558 1.718294 1
1.749101 0.910625 -1.970129 1
-0.419503 0.579018 0.294616 0
0.783570 -0.256172 -0.734427 0
1.654669 1.099778 -1.916931 0
1.347339 -1.853988 -0.947498 0
-1.173033 1.076728 0.944811 1
-0.056510 1.554034 -0.289605 0
-1.122754 0.947165 0.922923 1
1.735970 -2.073827 -1.291056 0
-1.704722 1.007569 1.497362 1
-1.182973 0.736974 1.030649 1
-0.785194 0.774098 0.620523 1
0.226819 1.393017 -0.539908 0
0.790008 -0.277896 -0.736085 0
-0.059852 -0.245838 0.115308 1
-0.580433 0.798742 0.408171 1
-1.016509 0.645434 0.882906 1
1.484415 -1.463479 -1.173094 0
1.058347 -0.850251 -0.879478 0
-1.373477 0.935114 1.178896 1
1.310131 -1.450603 -0.999901 0
-0.786813 0.683995 0.642260 1
-0.312004 -0.428721 0.410836 1
-2.224403 -0.819625 2.429987 1
1.076484 1.133349 -1.340326 0
1.687349 -1.299145 -1.414763 0
-0.957586 -1.275044 1.251824 1
-0.912316 -0.353102 1.000413 0
-1.156993 -1.336306 1.466936 1
0.957737 -0.242851 -0.913347 0
-0.581061 0.748032 0.420119 1
1.636821 -1.689746 -1.276579 0
2.127860 1.016572 -2.376394 0
-1.114095 -0.758323 1.294656 1
-0.446090 -0.206074 0.496622 1
1.179798 -0.574453 -1.063699 0
-0.702259 0.758758 0.540163 1
-0.687086 -0.958396 0.907918 1
0.940587 -0.940183 -0.740452 0
-0.734020 -0.798538 0.919669 1
1.006526 0.897684 -1.217079 0
0.139711 -0.956996 0.072360 1
-0.258268 -0.794390 0.438129 1
0.003583 -1.181146 0.259885 0
-1.460770 -1.372026 1.781786 1
1.195531 0.447037 -1.307479 0
0.271747 0.274378 -0.335735 0
-0.921745 0.868548 0.737398 1
0.098914 0.048804 -0.110812 1
1.310873 1.404112 -1.637516 0
-1.001216 0.906791 0.809150 1
-2.223526 1.198996 1.978763 1
-1.313602 -0.755520 1.495577 1
-1.175156 -1.396068 1.498617 1
0.603347 -0.603195 -0.474945 0
-0.473086 -1.204237 0.746576 1
1.134314 -1.454979 -0.821311 0
-1.951351 -1.053412 2.206301 1
0.211960 0.421874 -0.308243 1
-0.750445 0.225145 0.707886 0
-0.308397 -1.004003 0.535534 1
-1.116677 0.640953 0.985097 1
0.429711 0.070995 -0.449941 1
-1.760625 -1.518728 2.117434 1
1.278436 -0.922203 -1.085765 0
-0.207667 0.591387 0.077856 1
1.097352 -1.261908 -0.827044 0
1.314890 -0.648195 -1.183720 0
-0.401919 -1.552110 0.752290 1
0.772400 0.378706 -0.864780 0
1.695463 0.983149 -1.932122 0
1.348107 -1.192510 -1.095844 0
0.156792 0.351098 -0.236722 1
1.359203 -0.159765 -1.337451 0
0.828840 -0.534865 -0.717987 0
-0.924368 -0.652554 1.079394 1
-0.344837 0.689539 0.194530 1
-1.314820 1.048084 1.094438 1
0.799310 -0.765917 -0.636608 0
-0.490788 -0.793463 0.672819 1
0.574267 0.251483 -0.636239 0
0.038270 0.599524 -0.172410 0
-0.987567 0.781638 0.823282 1
-0.848692 -0.313377 0.927277 1
-0.929788 -1.200531 1.207119 1
-0.604985 -0.263407 0.669931 1
-0.741433 0.751306 0.581400 1
-0.535721 0.698542 0.385357 1
0.920338 -0.697425 -0.774153 0
1.679330 1.086165 -1.938806 0
-0.063795 -0.579066 0.193632 1
0.273615 1.102999 -0.522481 0
0.544111 -0.138232 -0.518833 0
0.945147 -0.904138 -0.753100 0
1.042570 0.320052 -1.124626 0
-1.763231 0.997028 1.558821 1
1.080086 -0.993711 -0.869435 0
-0.941923 2.391531 0.418017 0
1.435285 1.520252 -1.789109 0
-1.386035 0.944221 1.189551 1
-0.241963 -0.554167 0.368066 1
0.536122 1.760283 -0.934306 0
-1.089322 0.774500 0.927669 1
-1.001694 0.947051 0.800651 1
0.935146 1.259777 -1.225748 0
0.139866 -1.234973 0.134217 0
-1.614575 0.904133 1.429370 1
-0.415150 0.356513 0.339858 1
-0.115494 -0.730513 0.279646 0
0.242405 0.012961 -0.247773 0
0.758057 -0.419514 -0.672214 0
-1.440983 -1.042222 1.688220 1
-2.333628 1.231005 2.082848 1
-0.329756 0.523502 0.216337 1
-0.434607 0.671922 0.289148 0
-0.784217 -1.329923 1.088927 1
1.201344 -1.384363 -0.904781 0
-1.062615 0.781079 0.899221 1
0.259270 -0.173866 -0.223132 0
-0.141852 0.487089 0.034636 1
1.136853 -1.225838 -0.874996 0
1.201448 -1.083132 -0.972088 0
-0.603303 0.602480 0.475059 1
2.031138 -0.063444 -2.037742 0
-2.650816 -2.399974 3.213321 1
0.153572 3.215438 -0.872480 0
1.009611 -0.507660 -0.906674 0
-0.052245 0.663735 -0.095296 1
0.906379 0.308591 -0.984486 1
1.004645 -0.290828 -0.950031 0
1.094164 -0.634324 -0.963833 0
0.939287 -0.847902 -0.759726 0
-1.245889 0.846347 1.069808 1
-1.606257 0.864756 1.429752 1
1.069748 -0.676842 -0.929682 0
0.152151 -0.347397 -0.076204 1
1.405477 1.146531 -1.675622 0
0.456547 0.942597 -0.671499 0
-1.631532 -1.235896 1.923924 1
-0.464144 0.519149 0.353069 1
0.677329 -0.026821 -0.678267 1
0.622246 0.018774 -0.632793 0
-0.339122 -1.200032 0.610305 1
1.203915 0.306900 -1.284686 0
-0.090612 -0.626084 0.231212 1
-0.847647 -0.482258 0.963897 1
0.810851 1.006338 -1.043643 1
-0.760329 -0.384687 0.853920 1
0.672109 1.032131 -0.909238 0
1.096439 -0.590429 -0.975924 0
-0.715453 -0.746453 0.889292 1
0.958390 1.253627 -1.247858 0
